119.32
126.45
184.36
129.96
152.12
138.03
115.87
113.70
172.35
108.60
171.27
160.72
121.63
194.39
150.49
122.62
126.02
135.65
189.48
156.38
146.60
141.38
100.44
103.83
139.61
161.94
144.32
160.47
128.38
145.84
181.72
174.70
118.61
113.57
123.10
112.21
133.68
158.37
139.49
105.53
107.29
101.40
101.02
184.08
146.82
187.07
181.99
146.12
173.02
103.56
108.45
190.86
148.91
152.47
127.17
176.29
133.95
172.38
143.22
106.31
138.46
141.43
107.56
179.20
107.37
145.75
135.77
149.05
132.81
102.39
104.12
161.22
180.31
168.24
100.62
123.72
114.81
149.71
104.76
167.32
129.70
151.74
132.18
128.98
114.32
169.51
108.29
165.69
143.82
130.98
128.20
168.48
138.86
144.77
119.47
100.44
122.01
193.77
149.07
126.28
192.93
142.15
105.81
136.29
154.71
191.30
146.11
192.90
150.45
128.10
111.89
143.90
110.64
158.29
117.10
153.56
169.73
106.93
151.92
199.91
183.21
198.29
172.26
174.60
165.48
198.31
126.18
100.29
172.98
114.07
118.80
149.79
177.26
196.90
132.05
111.02
108.21
188.34
197.40
192.48
198.89
181.57
165.38
104.70
130.47
144.65
128.67
185.28
158.17
166.82
132.88
157.22
197.17
143.75
152.84
123.30
161.50
114.06
121.21
103.00
178.02
195.36
170.96
112.44
142.73
145.23
193.54
172.92
147.43
190.56
120.69
109.04
180.74
126.35
109.14
163.47
199.66
184.69
144.96
112.16
175.20
113.61
186.90
111.27
138.81
186.02
136.72
144.90
195.05
179.64
158.36
171.50
120.55
130.18
167.88
185.98
138.93
162.34
180.90
124.28
147.50
145.41
135.78
138.04
172.29
104.11
106.97
157.64
145.34
138.77
185.31
143.89
130.40
173.79
129.93
101.12
171.39
158.34
189.83
187.03
101.86
189.13
152.18
108.67
132.87
111.52
199.29
137.90
132.00
182.20
146.41
114.68
116.59
144.48
188.48
131.97
110.67
175.40
105.57
112.09
157.11
112.87
163.90
191.25
133.73
160.62
102.30
126.26
195.37
198.81
112.18
125.32
152.97
199.12
103.49
183.59
104.55
154.33
198.48
173.37
153.59
184.76
110.78
198.52
185.42
176.25
147.94
173.47
123.98
138.06
122.49
127.93
157.82
142.61
168.40
170.51
106.99
123.81
137.99
166.62
100.42
165.78
197.66
198.98
147.38
109.62
149.85
182.83
115.68
142.20
183.40
102.10
174.77
108.19
194.84
117.52
121.90
103.99
129.02
173.50
186.55
170.75
159.17
196.26
199.37
102.40
163.56
132.81
120.24
124.27
158.89
127.59
142.53
178.13
118.95
171.48
129.75
170.01
141.05
186.72
195.18
198.84
122.76
130.27
104.94
186.05
176.33
108.26
170.60
168.56
139.66
194.48
199.03
101.34
138.87
136.94
183.52
139.44
119.82
118.56
153.23
133.78
194.01
110.06
146.00
180.66
137.33
116.22
133.05
110.03
139.59
170.59
104.11
184.75
127.13
177.38
115.79
109.53
171.58
134.68
117.33
116.24
153.25
198.40
193.64
100.41
169.70
162.36
107.69
132.87
166.94
136.86
181.82
159.73
123.71
105.41
130.54
134.35
137.63
127.12
146.27
195.71
146.18
131.09
143.95
118.73
165.12
118.19
190.21
114.63
142.32
145.62
178.70
151.58
105.97
120.04
164.29
199.69
132.60
166.22
135.78
177.85
172.61
169.84
189.41
194.77
148.98
115.56
163.30
131.76
188.00
154.30
107.04
110.35
150.24
137.40
189.93
124.53
104.40
149.58
196.21
194.36
127.34
157.31
116.66
115.21
119.18
165.03
121.77
135.52
194.33
137.28
193.92
194.58
146.06
102.10
103.34
191.60
185.63
197.96
135.91
137.32
124.83
164.70
119.38
160.44
105.35
107.55
149.31
102.37
177.90
182.46
185.85
136.00
199.28
160.94
178.06
186.70
146.76
133.05
173.97
117.30
145.43
198.14
191.32
162.46
166.67
175.09
156.37
162.61
183.57
135.64
166.56
152.68
162.59
127.78
196.30
106.66
129.78
109.67
144.70
125.56
174.86
158.66
119.17
183.24
146.38
155.13
159.16
112.36
147.50
165.95
130.97
120.96
163.25
169.02
166.04
179.10
137.57
166.51
173.05
104.61
171.02
132.19
127.03
107.04
128.70
126.08
127.53
119.82
131.95
188.24
122.32
162.07
156.97
192.85
113.09
123.44
179.15
103.45
195.27
158.11
182.41
120.91
135.31
107.42
199.92
156.51
155.82
144.47
164.30
194.68
181.18
148.54
123.75
131.82
194.73
172.46
123.41
190.92
172.18
161.79
160.93
115.40
185.36
121.12
199.50
139.38
115.40
199.80
162.18
117.00
175.19
187.26
137.17
168.56
117.09
166.03
195.32
167.34
193.86
169.94
158.37
147.98
148.23
134.18
159.34
164.35
129.78
104.24
104.63
163.07
176.41
191.51
181.93
167.19
152.23
124.73
157.37
184.21
103.61
148.59
170.85
161.84
180.85
163.40
169.42
116.16
174.19
183.03
115.10
147.17
129.61
112.35
165.90
139.19
142.75
109.83
156.39
115.26
177.05
106.20
197.81
178.30
116.11
195.90
176.78
124.83
139.88
104.36
156.30
161.82
108.91
161.35
173.05
191.60
151.82
178.19
181.13
155.71
177.42
135.02
113.66
144.36
174.59
133.14
121.24
184.93
120.82
157.06
198.79
120.67
193.18
121.05
130.81
178.12
164.56
145.85
169.43
100.98
172.11
122.45
108.91
197.07
165.11
172.08
135.96
104.92
174.85
104.20
116.01
137.13
100.72
107.41
122.11
198.69
173.21
182.40
125.56
110.04
137.45
140.39
144.92
187.40
198.69
145.70
193.77
145.39
185.14
177.15
176.43
191.03
112.86
118.99
155.83
172.12
182.55
169.49
157.74
128.02
198.47
172.76
181.82
166.37
176.32
137.87
161.30
155.20
198.51
107.95
150.47
176.97
183.03
181.99
121.93
137.95
154.99
171.60
123.93
164.93
148.98
196.47
182.41
149.34
124.51
183.16
131.82
118.29
147.02
134.16
124.31
122.21
172.48
176.78
197.78
128.56
174.92
184.79
179.79
102.92
173.02
189.44
166.66
140.16
144.73
161.41
144.93
180.55
166.42
150.06
115.54
109.24
177.64
112.29
140.58
190.53
151.17
149.84
156.88
133.02
143.69
100.78
191.07
116.41
112.55
198.59
166.90
136.17
110.86
120.76
116.81
138.64
114.55
197.40
197.48
125.47
192.95
140.28
161.29
104.18
107.34
182.63
154.72
149.06
110.79
190.90
198.24
115.75
127.03
121.26
152.36
121.68
106.04
145.33
189.63
164.63
189.73
162.73
173.33
102.17
172.30
150.98
190.31
155.67
106.95
177.36
197.56
134.55
192.75
112.00
119.82
198.55
174.16
136.35
179.29
189.08
198.88
137.31
147.21
163.96
109.58
113.52
182.09
164.53
189.79
197.32
159.57
128.56
145.03
113.86
104.79
138.12
176.42
156.77
109.90
157.65
195.95
158.93
156.43
174.23
140.23
176.46
165.03
199.18
162.38
184.15
163.65
128.54
120.83
101.24
199.37
188.15
137.99
128.21
118.47
108.60
171.81
176.96
105.16
185.05
128.98
119.52
199.86
177.36
149.53
163.99
114.85
197.29
109.97
189.83
127.15
110.94
124.02
139.77
156.38
157.37
168.67
170.16
128.67
146.92
126.68
108.05
187.14
156.67
116.35
149.01
133.60
184.55
174.07
157.40
177.10
158.60
166.13
198.00
120.38
123.16
132.33
136.50
137.06
140.13
105.88
195.05
179.89
150.09
111.65
138.91
112.51
135.25
117.88
100.05
176.52
114.55
105.30
114.73
188.93
179.46
122.03
163.20
115.37
148.62
112.54
151.91
179.27
178.95
144.66
171.16
148.80
121.81
110.01
194.64
189.12
153.33
139.83
160.87
180.55
140.43
161.01
191.49
180.47
125.76
115.13
156.32
150.52
128.24
177.03
190.83
179.70
159.35
138.92
108.34
108.60
149.47
171.12
126.11
100.46
163.55
130.90
142.27
110.57
160.82
167.49
158.67
177.19
119.44
163.04
143.95
194.40
103.53
156.76
170.45
129.97
197.73
122.85
138.71
120.06
171.98
111.38
124.42
106.36
168.29
115.77
143.74
181.16
120.12
100.59
135.17
171.11
125.08
108.87
198.83
121.47
192.06
169.55
117.22
139.09
175.15
142.62
105.46
114.66
188.08
171.77
103.72
172.61
165.84
162.81
129.45
190.41
102.53
169.69
153.07
188.35
148.67
149.47
147.16
115.04
194.82
142.52
186.00
145.03
103.98
